00000000000000000000000000000000000000000000000000000000000000000000000000000000
00000000000000000000000000000000000000000000000000000000000000000000000000000000
00000000000000000000000000000000000000000000000000000000000000000000000000000000
00000000000000000000000000000000000000000000000000000000000000000000000000000000
00000000000000000000000000000000000000000000000000000000000000000000000000000000
00000000000000000000000000000000000000000000000000000000000000000000000000000000
00000000000000000000000000000000000000000000000000000000000000000000000000000000
00000000000000000000000000000000000000000000000000000000000000000000000000000000
00000000000000000000000000000000000000000000000000000000000000000000000000000000
00000000000000000000000000000000000000000000000000000000000000000000000000000000
00000000000000000000000000000000000000000000000000000000000000000000000000000000
00000000000000000000000001100000001100000000000000000000000000000000000000000000
00000000000000000000000001100000001100000000000000000000000000000000000000000000
00000000000000000000000000000011000000000000000000000000000000000000000000000000
00000000000000000000000000000011000000000000000000000000000000000000000000000000
00000000000000000000000000000000000000000000000000000000000000000000000000000000
00000000000000000000000000000000000000000000001101100000000000000000000000000000
00000000000000000000000000000000000000000000010000010001100000000000000000000000
00000000000000000000000000000000000000000000010000001001100000000000000000000000
00000000000000000000000000000000000000000000011100010000000000000000000000000000
00000000000000000000000000000000000000000000000000100000000000000000000000000000
00000000000000000000000000000000000000000000110000000000000000000000000000000000
00000000000000000000000000000000000000000000100000000000000000000000000000000000
00000000000000000000000000000000000000000000011100000000000000000000000000000000
00000000000000000000000000000000000000000000000100000000000000000000000000000000